202
203
203
204
205
205
207
208
205
204
204
204
204
203
204
203
203
202
202
200
200
199
200
200
201
202
201
201
201
200
199
198
199
198
199
199
201
202
201
201
200
200
201
202
201
201
200
199
199
200
200
201
200
200
200
200
199
198
199
201
203
203
203
202
201
201
201
201
202
203
203
202
202
203
204
206
207
207
206
205
205
204
204
203
202
201
201
201
202
203
203
204
204
204
204
205
206
207
207
205
204
202
200
198
198
199
199
198
197
198
200
202
203
204
204
205
204
204
204
203
204
203
202
201
200
199
198
198
198
197
199
199
200
201
201
201
201
202
202
202
203
203
203
203
203
204
204
204
205
204
204
203
201
200
201
202
202
203
204
203
204
204
205
205
206
206
206
206
205
203
201
199
200
201
202
202
202
202
202
202
202
201
202
203
203
202
201
202
202
202
203
203
203
203
203
200
199
198
197
198
199
199
199
201
202
203
203
203
204
202
201
200
200
199
202
204
204
202
203
200
198
197
197
199
201
201
201
201
202
204
203
202
202
202
202
199
196
198
199
200
200
201
202
202
202
202
202
202
202
202
203
203
205
206
207
204
202
201
201
202
202
201
201
201
202
204
205
206
207
208
208
208
207
206
204
203
204
205
204
202
202
201
202
203
204
204
205
205
205
206
207
203
201
199
200
201
201
201
201
203
203
204
205
205
205
205
205
206
206
206
205
205
206
206
207
210
209
209
208
207
206
205
205
206
207
204
202
204
205
205
207
208
208
209
209
208
208
208
209
209
208
207
207
207
205
204
202
203
203
204
205
206
207
207
208
208
209
209
208
207
207
207
207
210
211
212
211
211
211
211
210
208
208
207
208
208
209
209
210
210
208
207
206
206
207
207
208
209
208
208
209
209
209
210
210
208
206
206
206
206
206
206
205
204
204
204
204
204
205
205
206
207
207
207
208
208
208
209
209
210
211
211
209
208
207
206
205
205
205
206
207
209
209
210
208
208
206
205
204
204
203
205
206
208
210
211
212
212
213
212
211
211
211
211
210
210
210
211
210
210
211
212
214
213
215
212
214
212
211
210
211
211
211
211
211
210
213
214
212
211
210
209
208
207
208
208
208
208
207
207
209
208
209
210
210
210
212
213
214
214
214
214
214
215
216
216
215
214
213
214
213
212
211
210
209
208
209
210
210
210
209
210
210
210
210
209
209
209
208
208
208
208
208
208
210
211
211
212
213
214
214
214
216
219
217
213
210
208
206
205
206
207
208
209
209
209
210
211
212
213
211
212
210
211
211
211
214
214
214
214
215
213
213
212
213
211
211
210
210
212
211
211
211
211
212
211
211
211
211
210
210
210
211
213
216
220
222
220
219
218
217
217
217
217
216
216
216
216
216
216
216
216
216
217
217
217
216
215
214
214
212
213
212
212
212
212
213
215
215
216
216
216
216
216
216
216
216
216
215
215
215
216
217
218
217
216
215
215
215
214
215
215
217
216
217
216
216
215
215
216
216
215
215
214
214
214
214
215
216
217
218
217
216
215
216
214
215
217
218
219
220
221
220
220
220
219
219
218
218
219
219
220
220
219
219
219
218
219
220
220
222
223
223
223
223
222
220
218
217
218
217
217
217
217
217
218
220
221
221
220
221
220
220
218
217
216
217
217
218
219
220
221
221
221
224
226
226
225
224
225
226
226
225
226
227
225
225
223
225
223
223
223
222
222
222
222
221
221
221
221
221
222
222
223
224
224
224
224
222
220
219
221
222
223
224
224
225
224
223
223
224
226
227
228
228
226
226
226
226
225
224
223
223
223
222
221
223
223
223
223
224
224
225
225
227
227
227
228
229
228
227
226
225
225
227
227
226
226
225
228
229
230
231
232
232
230
229
228
226
225
226
226
225
225
224
222
223
223
224
223
223
223
223
222
221
221
220
220
219
219
221
223
224
224
223
221
220
220
220
220
221
222
223
224
225
225
225
225
226
226
227
227
228
228
228
228
229
229
228
228
228
227
228
229
229
228
227
227
228
227
229
228
228
227
227
226
226
226
226
227
227
227
227
227
228
228
228
228
228
228
229
229
229
229
230
230
229
229
230
230
232
233
232
231
231
228
226
225
225
224
226
227
228
229
228
228
227
227
227
229
230
231
231
231
231
232
233
235
236
233
232
232
232
232
233
234
234
234
232
231
230
231
231
231
230
230
229
229
230
230
231
232
232
232
233
233
233
232
232
232
232
232
231
232
232
231
230
229
229
230
232
232
232
231
234
234
235
233
232
232
231
230
230
229
228
227
227
229
231
233
235
237
237
237
237
236
235
235
235
233
231
234
236
237
238
238
239
236
233
232
232
232
232
233
234
235
234
234
233
233
233
232
233
232
233
233
235
235
235
235
235
235
234
234
235
237
238
238
236
236
235
235
235
236
237
239
240
242
241
239
238
240
241
242
242
241
241
241
243
242
243
242
241
240
238
237
236
236
239
240
241
241
241
241
239
239
238
238
237
236
237
237
238
238
239
240
241
241
241
241
241
241
242
242
244
244
245
245
245
245
244
244
245
246
246
245
244
242
242
243
243
244
243
243
243
243
242
241
240
240
240
240
238
237
236
238
238
239
239
240
242
243
244
245
243
242
241
240
241
242
242
243
242
242
242
242
243
244
246
248
246
246
245
245
243
243
241
242
242
242
242
243
243
243
243
242
241
240
239
240
239
240
238
237
237
236
236
236
238
240
242
240
241
242
242
242
240
241
242
243
242
242
244
245
245
244
245
245
246
247
248
247
247
246
245
244
242
241
242
243
244
246
245
245
245
245
247
247
247
248
248
247
247
247
251
253
253
252
249
246
244
245
246
248
249
250
251
251
251
252
251
251
252
253
254
255
256
256
256
255
254
253
252
252
253
253
254
254
256
258
259
259
259
258
258
257
257
256
258
259
260
262
264
268
269
270
270
268
266
265
265
265
264
262
261
260
259
258
258
258
262
265
268
269
269
268
267
266
267
267
269
271
273
274
273
273
272
271
270
271
271
268
265
265
264
264
262
262
264
265
266
267
267
266
266
267
268
268
269
269
270
269
268
266
266
265
268
269
270
272
273
272
272
272
274
275
276
278
280
281
282
281
280
280
279
279
279
280
280
278
277
277
277
278
279
280
282
284
285
287
288
288
290
290
290
287
286
284
284
285
287
289
291
291
292
292
292
292
292
291
290
290
290
290
289
287
286
287
287
288
287
288
290
291
292
291
289
288
287
286
285
284
285
286
286
286
288
290
293
293
294
294
294
293
295
295
295
294
295
296
299
300
301
302
302
303
302
303
303
304
305
304
303
301
299
297
296
296
295
298
299
298
297
297
297
298
299
300
301
302
303
304
306
307
306
305
305
306
309
310
313
314
314
314
315
315
314
312
311
310
310
309
308
307
307
306
309
310
311
312
311
310
310
309
311
313
314
314
315
315
313
313
312
312
312
312
312
314
314
312
310
309
308
307
306
305
305
305
307
308
308
309
309
310
312
313
315
315
315
314
313
311
309
309
308
309
310
310
310
309
309
308
308
310
312
313
313
312
312
311
312
314
315
318
320
323
325
327
328
329
330
330
329
328
328
329
330
332
334
335
335
332
330
330
331
331
332
332
331
332
331
332
332
333
335
337
337
338
338
339
338
337
336
335
333
331
329
328
331
334
334
335
338
340
340
338
336
333
330
331
332
334
338
339
339
340
339
340
340
340
339
337
338
338
338
339
339
339
339
339
341
343
344
345
347
347
347
347
347
348
348
350
353
355
358
357
358
358
359
361
361
363
363
364
363
362
360
360
358
358
357
357
358
358
357
356
356
355
355
355
355
355
355
356
357
359
359
360
361
360
360
358
359
359
359
359
358
358
359
360
360
359
359
361
363
368
371
373
375
377
377
377
377
378
379
379
379
380
382
386
389
392
395
397
397
397
398
398
400
401
401
402
403
403
404
404
404
404
402
402
401
402
401
401
401
401
400
400
400
401
402
404
406
406
404
402
400
398
397
398
401
403
408
411
414
414
414
413
413
411
410
410
411
412
413
412
411
411
412
414
416
419
422
423
424
425
426
426
427
426
426
425
425
427
429
430
430
431
428
426
425
421
420
418
417
413
414
413
413
415
416
418
418
418
418
418
421
422
424
425
426
427
427
427
425
424
425
426
426
426
424
423
421
420
419
420
421
424
425
427
431
434
435
433
434
433
434
434
434
433
432
425
418
406
397
388
382
379
377
376
373
371
369
368
366
364
364
364
364
362
362
361
361
363
364
362
360
357
356
352
349
346
342
341
339
338
338
338
336
335
332
331
329
327
326
324
323
323
322
319
316
313
313
313
309
307
305
305
305
307
308
308
305
303
301
300
301
302
303
304
304
305
302
301
300
298
297
295
293
291
292
292
291
291
292
292
292
292
292
291
288
285
283
282
280
282
284
285
284
283
281
283
284
285
282
280
280
282
283
282
281
281
280
279
279
278
279
280
282
283
282
280
279
277
275
273
272
271
269
268
271
272
272
271
270
269
268
268
271
275
277
279
278
276
277
277
276
276
276
275
274
276
278
279
282
283
283
282
281
281
280
280
280
280
282
281
280
280
280
281
280
279
279
279
278
277
276
277
277
279
279
281
280
278
277
277
278
279
279
278
277
278
279
280
280
279
279
279
280
280
279
279
280
280
281
281
282
283
284
288
290
290
290
290
290
291
293
295
295
294
297
299
299
299
298
298
297
298
298
297
296
294
292
290
290
292
293
296
297
299
302
304
304
303
303
305
306
306
305
306
306
307
308
307
306
305
305
307
309
308
308
309
310
311
311
310
309
309
309
310
309
309
310
312
312
310
309
309
311
311
313
313
313
312
312
315
318
321
320
320
319
319
320
321
321
320
319
319
318
317
317
320
323
326
329
330
332
333
334
333
330
328
326
327
329
331
332
332
332
333
334
336
338
337
337
337
338
339
339
340
341
341
342
342
343
343
346
346
346
346
346
347
348
349
350
350
351
350
350
350
350
347
345
346
349
351
351
351
353
353
352
349
347
345
347
351
354
355
356
356
356
356
356
356
355
356
358
358
358
358
358
358
357
357
356
357
357
358
361
363
364
362
363
362
363
364
368
370
371
372
374
376
377
378
379
379
378
379
380
380
381
382
382
383
385
383
383
382
383
386
386
385
384
384
384
387
389
391
391
392
393
393
394
395
395
396
396
396
396
394
392
394
395
396
397
398
402
404
407
405
404
403
402
400
400
403
404
404
403
403
405
406
408
408
407
404
402
399
399
398
398
399
400
405
410
414
416
417
417
416
416
417
418
415
412
411
410
407
405
409
413
416
418
423
427
429
430
431
431
431
432
434
435
435
438
437
437
438
438
437
437
435
434
434
433
435
435
433
432
433
434
435
436
440
443
443
443
447
450
452
453
454
455
460
465
465
464
463
465
466
466
466
466
467
467
467
468
468
470
472
474
475
473
469
465
465
464
464
461
459
457
456
453
450
449
448
449
451
451
453
455
457
458
459
460
460
458
456
454
452
450
449
449
450
453
456
462
467
471
473
474
475
479
484
489
492
494
496
496
491
488
486
486
483
483
483
485
491
495
498
500
502
503
503
504
506
513
520
524
526
527
528
526
521
518
516
518
519
520
521
521
521
517
513
513
515
518
520
522
523
524
525
528
530
531
529
529
529
529
538
544
546
546
547
544
545
543
545
546
547
548
546
544
540
535
532
529
528
524
523
521
522
525
529
532
539
545
551
556
555
553
551
548
544
543
547
552
556
560
562
565
570
574
574
573
571
569
565
562
558
554
